rot:
  max: 3.2912834516522325
  mean: 1.3267609522972406
  median: 1.3305165459053596
  min: 0.150334185297474
  num_samples: 5937
  rmse: 1.4486726018237188
  std: 0.5816852093134407
scale:
  max: 3.4366930153088115
  mean: 0.7873263833522006
  median: 0.5937109125739859
  min: 0.0003469661603805463
  num_samples: 5937
  rmse: 1.0504834433375927
  std: 0.6954370070710564
trans:
  max: 0.20187157584812665
  mean: 0.07256808356662311
  median: 0.06665156293416977
  min: 0.004768035901172302
  num_samples: 5937
  rmse: 0.0801192701285632
  std: 0.03395542215024401
